0: (7) 6.03679, 0.960784
1: (1) 6.00021, 0.93814
2: (1) 5.95923, 0.915212
3: (1) 5.91314, 0.89205
4: (1) 5.86119, 0.86872
5: (1) 5.8025, 0.8453
6: (1) 5.73618, 0.821879
7: (1) 5.66133, 0.798554
8: (1) 5.5772, 0.775427
9: (1) 5.48307, 0.752611
10: (1) 5.37831, 0.730234
11: (1) 5.26247, 0.708424
12: (1) 5.13535, 0.687301
13: (1) 4.99704, 0.666965
14: (1) 4.84791, 0.647496
15: (1) 4.68863, 0.628938
16: (1) 4.52007, 0.611304
17: (1) 4.34327, 0.594571
18: (1) 4.15937, 0.578684
19: (1) 3.96954, 0.563559
20: (1) 3.77493, 0.549091
21: (1) 3.57665, 0.535155
22: (1) 3.37576, 0.521613
23: (1) 3.17328, 0.508319
24: (1) 2.97018, 0.495121
25: (1) 2.76743, 0.481867
26: (1) 2.56598, 0.468404
27: (1) 2.36685, 0.454585
28: (1) 2.17109, 0.440268
29: (1) 1.97979, 0.425325
30: (1) 1.79411, 0.409644
31: (1) 1.61522, 0.393135
32: (1) 1.44427, 0.375735
33: (1) 1.28234, 0.357412
34: (1) 1.13036, 0.338169
35: (1) 0.989055, 0.318044
36: (1) 0.858885, 0.297105
37: (1) 0.740016, 0.27545
38: (1) 0.63232, 0.253195
39: (10) 0.53541, 0.230465
40: (1) 0.448709, 0.20739
41: (1) 0.371597, 0.184077
42: (1) 0.303342, 0.16063
43: (1) 0.243037, 0.13715
44: (1) 0.189738, 0.11373
45: (1) 0.142548, 0.0904559
46: (1) 0.100649, 0.0673956
47: (1) 0.0633249, 0.0446063
48: (1) 0.0299529, 0.0221305
49: (1) 0, 0
