0: (1) 61.5877, 12.3175
1: (1) 60.9381, 12.2053
2: (1) 60.3488, 12.0666
3: (1) 59.8158, 11.9017
4: (1) 59.2969, 11.7298
5: (1) 58.7379, 11.5772
6: (1) 58.1163, 11.4529
7: (1) 57.4424, 11.3508
8: (1) 56.7382, 11.2609
9: (1) 56.0277, 11.1734
10: (1) 55.3347, 11.079
11: (1) 54.683, 10.9677
12: (1) 54.0911, 10.8304
13: (1) 53.5565, 10.6663
14: (1) 53.0386, 10.4941
15: (1) 52.4827, 10.3402
16: (1) 51.8644, 10.2146
17: (1) 51.1928, 10.1117
18: (1) 50.4899, 10.0213
19: (1) 49.7796, 9.934
20: (1) 49.0856, 9.84017
21: (1) 48.4318, 9.72999
22: (1) 47.8372, 9.59414
23: (1) 47.3008, 9.43113
24: (1) 46.7842, 9.2585
25: (1) 46.2319, 9.10311
26: (1) 45.6177, 8.97604
27: (1) 44.9491, 8.87205
28: (1) 44.2479, 8.78128
29: (1) 43.538, 8.69403
30: (1) 42.843, 8.60087
31: (1) 42.1867, 8.49196
32: (1) 41.5888, 8.35784
33: (1) 41.0503, 8.19617
34: (1) 40.5349, 8.02321
35: (1) 39.987, 7.86605
36: (1) 39.3776, 7.73713
37: (1) 38.7127, 7.63188
38: (1) 38.0136, 7.54055
39: (1) 37.3041, 7.45337
40: (1) 36.6079, 7.36096
41: (1) 35.9487, 7.2535
42: (1) 35.3469, 7.1214
43: (1) 34.8055, 6.9614
44: (1) 34.2911, 6.78823
45: (1) 33.7479, 6.6291
46: (1) 33.1439, 6.498
47: (1) 32.4832, 6.39125
48: (1) 31.7865, 6.29919
49: (1) 31.0775, 6.21204
50: (1) 30.3798, 6.12041
51: (1) 29.7173, 6.01456
52: (1) 29.1108, 5.88474
53: (1) 28.5656, 5.72675
54: (1) 28.0517, 5.55357
55: (1) 27.5133, 5.39234
56: (1) 26.9153, 5.25879
57: (1) 26.2593, 5.15029
58: (1) 25.5652, 5.05736
59: (1) 24.8567, 4.97016
60: (1) 24.1574, 4.87932
61: (1) 23.4912, 4.77514
62: (1) 22.8794, 4.64779
63: (1) 22.3297, 4.4921
64: (1) 21.8156, 4.31919
65: (1) 21.2819, 4.15584
66: (1) 20.6901, 4.01962
67: (1) 20.039, 3.90917
68: (1) 19.3478, 3.81521
69: (1) 18.6399, 3.72789
70: (1) 17.939, 3.6378
71: (1) 17.2688, 3.53531
72: (1) 16.6515, 3.41051
73: (1) 16.0966, 3.25736
74: (1) 15.5815, 3.085
75: (1) 15.0522, 2.91962
76: (1) 14.4668, 2.78061
77: (1) 13.8209, 2.66803
78: (1) 13.1327, 2.57292
79: (1) 12.4255, 2.48537
80: (1) 11.7231, 2.39597
81: (1) 11.049, 2.29513
82: (1) 10.4258, 2.1729
83: (1) 9.86529, 2.02245
84: (1) 9.34856, 1.85095
85: (1) 8.8232, 1.68369
86: (1) 8.24415, 1.54182
87: (1) 7.60377, 1.42697
88: (1) 6.91878, 1.33058
89: (1) 6.21249, 1.24272
90: (1) 5.50856, 1.15392
91: (1) 4.83068, 1.05466
92: (1) 4.20167, 0.934963
93: (1) 3.63516, 0.787324
94: (1) 3.11614, 0.616975
95: (1) 2.59422, 0.448049
96: (1) 2.0215, 0.303283
97: (1) 1.38674, 0.186057
98: (1) 0.705212, 0.088287
99: (1) 0, 0
