0: (1) 125.037, 6.25085
1: (1) 124.722, 6.24161
2: (1) 124.407, 6.23109
3: (1) 124.093, 6.21871
4: (1) 123.779, 6.20381
5: (1) 123.466, 6.18572
6: (1) 123.154, 6.16407
7: (1) 122.843, 6.13913
8: (1) 122.533, 6.11212
9: (1) 122.222, 6.08504
10: (1) 121.911, 6.0599
11: (1) 121.6, 6.038
12: (1) 121.287, 6.01968
13: (1) 120.973, 6.00457
14: (1) 120.659, 5.99204
15: (1) 120.344, 5.98141
16: (1) 120.029, 5.97209
17: (1) 119.714, 5.96359
18: (1) 119.399, 5.95548
19: (1) 119.083, 5.9474
20: (1) 118.768, 5.93896
21: (1) 118.453, 5.92976
22: (1) 118.138, 5.9193
23: (1) 117.824, 5.90702
24: (1) 117.51, 5.89225
25: (1) 117.197, 5.87431
26: (1) 116.885, 5.85282
27: (1) 116.574, 5.82801
28: (1) 116.264, 5.80105
29: (1) 115.953, 5.77392
30: (1) 115.642, 5.74865
31: (1) 115.331, 5.72659
32: (1) 115.018, 5.70811
33: (1) 114.704, 5.69287
34: (1) 114.39, 5.68023
35: (1) 114.076, 5.66953
36: (1) 113.76, 5.66016
37: (1) 113.445, 5.65163
38: (1) 113.13, 5.64351
39: (1) 112.815, 5.63543
40: (1) 112.499, 5.62702
41: (1) 112.184, 5.61786
42: (1) 111.869, 5.60747
43: (1) 111.555, 5.59529
44: (1) 111.241, 5.58064
45: (1) 110.929, 5.56286
46: (1) 110.617, 5.54153
47: (1) 110.306, 5.51684
48: (1) 109.995, 5.48994
49: (1) 109.685, 5.46276
50: (1) 109.374, 5.43736
51: (1) 109.062, 5.41513
52: (1) 108.749, 5.39648
53: (1) 108.436, 5.3811
54: (1) 108.122, 5.36835
55: (1) 107.807, 5.35757
56: (1) 107.492, 5.34815
57: (1) 107.177, 5.33958
58: (1) 106.862, 5.33145
59: (1) 106.546, 5.32338
60: (1) 106.231, 5.31499
61: (1) 105.916, 5.30587
62: (1) 105.601, 5.29555
63: (1) 105.287, 5.28346
64: (1) 104.973, 5.26894
65: (1) 104.66, 5.25131
66: (1) 104.348, 5.23015
67: (1) 104.037, 5.2056
68: (1) 103.727, 5.17875
69: (1) 103.416, 5.15153
70: (1) 103.106, 5.126
71: (1) 102.794, 5.10359
72: (1) 102.481, 5.08476
73: (1) 102.168, 5.06923
74: (1) 101.854, 5.05637
75: (1) 101.539, 5.0455
76: (1) 101.224, 5.03602
77: (1) 100.909, 5.02742
78: (1) 100.594, 5.01928
79: (1) 100.279, 5.01121
80: (1) 99.9633, 5.00283
81: (1) 99.6483, 4.99376
82: (1) 99.3335, 4.98351
83: (1) 99.0192, 4.97151
84: (1) 98.7055, 4.95712
85: (1) 98.3925, 4.93965
86: (1) 98.0805, 4.91866
87: (1) 97.7694, 4.89424
88: (1) 97.459, 4.86746
89: (1) 97.1486, 4.84019
90: (1) 96.8378, 4.81453
91: (1) 96.5263, 4.79194
92: (1) 96.2137, 4.77292
93: (1) 95.9004, 4.75723
94: (1) 95.5863, 4.74425
95: (1) 95.2717, 4.7333
96: (1) 94.9568, 4.72376
97: (1) 94.6416, 4.71513
98: (1) 94.3263, 4.70696
99: (1) 94.011, 4.69889
100: (1) 93.6958, 4.69054
101: (1) 93.3807, 4.68151
102: (1) 93.0659, 4.67132
103: (1) 92.7516, 4.65942
104: (1) 92.4379, 4.64516
105: (1) 92.1249, 4.62785
106: (1) 91.8129, 4.60702
107: (1) 91.5017, 4.58275
108: (1) 91.1912, 4.55603
109: (1) 90.8809, 4.52872
110: (1) 90.5702, 4.50293
111: (1) 90.2586, 4.48015
112: (1) 89.9462, 4.46095
113: (1) 89.6329, 4.44511
114: (1) 89.3188, 4.432
115: (1) 89.0043, 4.42095
116: (1) 88.6894, 4.41135
117: (1) 88.3742, 4.40268
118: (1) 88.0589, 4.3945
119: (1) 87.7436, 4.38643
120: (1) 87.4284, 4.3781
121: (1) 87.1133, 4.3691
122: (1) 86.7985, 4.35898
123: (1) 86.4841, 4.34718
124: (1) 86.1704, 4.33304
125: (1) 85.8574, 4.31589
126: (1) 85.5453, 4.29523
127: (1) 85.2341, 4.27111
128: (1) 84.9236, 4.24446
129: (1) 84.6133, 4.21712
130: (1) 84.3026, 4.19119
131: (1) 83.9911, 4.16823
132: (1) 83.6787, 4.14884
133: (1) 83.3654, 4.13283
134: (1) 83.0514, 4.1196
135: (1) 82.7369, 4.10846
136: (1) 82.422, 4.09879
137: (1) 82.1068, 4.09008
138: (1) 81.7915, 4.08188
139: (1) 81.4762, 4.07381
140: (1) 81.161, 4.06549
141: (1) 80.8459, 4.05654
142: (1) 80.5311, 4.04648
143: (1) 80.2167, 4.03477
144: (1) 79.9029, 4.02076
145: (1) 79.5898, 4.00377
146: (1) 79.2777, 3.98328
147: (1) 78.9665, 3.9593
148: (1) 78.656, 3.93273
149: (1) 78.3457, 3.90536
150: (1) 78.035, 3.8793
151: (1) 77.7236, 3.85616
152: (1) 77.4112, 3.83658
153: (1) 77.098, 3.8204
154: (1) 76.784, 3.80704
155: (1) 76.4695, 3.79581
156: (1) 76.1546, 3.78608
157: (1) 75.8394, 3.77732
158: (1) 75.5242, 3.7691
159: (1) 75.2088, 3.76103
160: (1) 74.8936, 3.75273
161: (1) 74.5785, 3.74381
162: (1) 74.2637, 3.73382
163: (1) 73.9492, 3.7222
164: (1) 73.6354, 3.70832
165: (1) 73.3223, 3.69148
166: (1) 73.0102, 3.67116
167: (1) 72.6989, 3.64734
168: (1) 72.3883, 3.62084
169: (1) 72.078, 3.59345
170: (1) 71.7674, 3.56727
171: (1) 71.456, 3.54394
172: (1) 71.1437, 3.52418
173: (1) 70.8305, 3.50783
174: (1) 70.5166, 3.49434
175: (1) 70.2021, 3.48301
176: (1) 69.8872, 3.47321
177: (1) 69.5721, 3.46441
178: (1) 69.2568, 3.45617
179: (1) 68.9415, 3.4481
180: (1) 68.6262, 3.43982
181: (1) 68.3111, 3.43094
182: (1) 67.9962, 3.421
183: (1) 67.6818, 3.40948
184: (1) 67.3679, 3.39572
185: (1) 67.0548, 3.37904
186: (1) 66.7426, 3.35889
187: (1) 66.4313, 3.33522
188: (1) 66.1207, 3.30881
189: (1) 65.8104, 3.2814
190: (1) 65.4998, 3.2551
191: (1) 65.1885, 3.2316
192: (1) 64.8762, 3.21164
193: (1) 64.563, 3.19513
194: (1) 64.2491, 3.1815
195: (1) 63.9347, 3.17007
196: (1) 63.6198, 3.16021
197: (1) 63.3047, 3.15137
198: (1) 62.9894, 3.14311
199: (1) 62.6741, 3.13503
200: (1) 62.3588, 3.12676
201: (1) 62.0437, 3.11792
202: (1) 61.7288, 3.10805
203: (1) 61.4143, 3.09661
204: (1) 61.1004, 3.08297
205: (1) 60.7873, 3.06645
206: (1) 60.475, 3.04648
207: (1) 60.1637, 3.02296
208: (1) 59.8531, 2.99665
209: (1) 59.5428, 2.96922
210: (1) 59.2322, 2.94281
211: (1) 58.9209, 2.91913
212: (1) 58.6087, 2.89898
213: (1) 58.2956, 2.8823
214: (1) 57.9817, 2.86854
215: (1) 57.6672, 2.85702
216: (1) 57.3524, 2.84708
217: (1) 57.0373, 2.8382
218: (1) 56.722, 2.82991
219: (1) 56.4067, 2.82183
220: (1) 56.0914, 2.81358
221: (1) 55.7763, 2.80477
222: (1) 55.4614, 2.79496
223: (1) 55.1469, 2.78362
224: (1) 54.833, 2.7701
225: (1) 54.5198, 2.75373
226: (1) 54.2074, 2.73393
227: (1) 53.8961, 2.71058
228: (1) 53.5854, 2.68436
229: (1) 53.2751, 2.65693
230: (1) 52.9646, 2.63041
231: (1) 52.6533, 2.60656
232: (1) 52.3412, 2.58622
233: (1) 52.0281, 2.56938
234: (1) 51.7142, 2.55548
235: (1) 51.3998, 2.54385
236: (1) 51.085, 2.53385
237: (1) 50.7699, 2.52492
238: (1) 50.4546, 2.51661
239: (1) 50.1393, 2.50853
240: (1) 49.824, 2.50029
241: (1) 49.5089, 2.49152
242: (1) 49.194, 2.48177
243: (1) 48.8794, 2.47051
244: (1) 48.5655, 2.45711
245: (1) 48.2522, 2.4409
246: (1) 47.9399, 2.42128
247: (1) 47.6284, 2.39808
248: (1) 47.3178, 2.37197
249: (1) 47.0075, 2.34454
250: (1) 46.697, 2.31792
251: (1) 46.3858, 2.2939
252: (1) 46.0736, 2.27338
253: (1) 45.7606, 2.25636
254: (1) 45.4468, 2.24233
255: (1) 45.1324, 2.2306
256: (1) 44.8176, 2.22053
257: (1) 44.5025, 2.21155
258: (1) 44.1872, 2.20322
259: (1) 43.8719, 2.19513
260: (1) 43.5566, 2.18691
261: (1) 43.2414, 2.17817
262: (1) 42.9265, 2.16848
263: (1) 42.612, 2.15731
264: (1) 42.298, 2.14403
265: (1) 41.9847, 2.12797
266: (1) 41.6723, 2.10852
267: (1) 41.3608, 2.0855
268: (1) 41.0501, 2.05949
269: (1) 40.7398, 2.03207
270: (1) 40.4293, 2.00536
271: (1) 40.1182, 1.98117
272: (1) 39.8061, 1.96046
273: (1) 39.4931, 1.94327
274: (1) 39.1793, 1.9291
275: (1) 38.865, 1.91727
276: (1) 38.5502, 1.90713
277: (1) 38.2351, 1.89811
278: (1) 37.9198, 1.88975
279: (1) 37.6045, 1.88166
280: (1) 37.2892, 1.87345
281: (1) 36.974, 1.86475
282: (1) 36.6591, 1.85511
283: (1) 36.3445, 1.84403
284: (1) 36.0305, 1.83087
285: (1) 35.7172, 1.81496
286: (1) 35.4047, 1.79569
287: (1) 35.0932, 1.77283
288: (1) 34.7825, 1.74694
289: (1) 34.4722, 1.71954
290: (1) 34.1617, 1.69273
291: (1) 33.8506, 1.66839
292: (1) 33.5385, 1.64749
293: (1) 33.2256, 1.63013
294: (1) 32.9119, 1.61583
295: (1) 32.5975, 1.60389
296: (1) 32.2827, 1.59367
297: (1) 31.9676, 1.58461
298: (1) 31.6524, 1.57623
299: (1) 31.3371, 1.56813
300: (1) 31.0218, 1.55994
301: (1) 30.7066, 1.55126
302: (1) 30.3916, 1.54169
303: (1) 30.0771, 1.53068
304: (1) 29.763, 1.51765
305: (1) 29.4496, 1.50189
306: (1) 29.1371, 1.48279
307: (1) 28.8256, 1.46011
308: (1) 28.5148, 1.43434
309: (1) 28.2045, 1.40696
310: (1) 27.8941, 1.38007
311: (1) 27.583, 1.35556
312: (1) 27.271, 1.33448
313: (1) 26.9581, 1.31695
314: (1) 26.6444, 1.30251
315: (1) 26.3301, 1.29047
316: (1) 26.0153, 1.28018
317: (1) 25.7002, 1.27106
318: (1) 25.385, 1.26266
319: (1) 25.0697, 1.25455
320: (1) 24.7544, 1.24637
321: (1) 24.4392, 1.23773
322: (1) 24.1242, 1.22821
323: (1) 23.8096, 1.21729
324: (1) 23.4955, 1.20437
325: (1) 23.1821, 1.18876
326: (1) 22.8696, 1.16984
327: (1) 22.558, 1.14733
328: (1) 22.2472, 1.12168
329: (1) 21.9368, 1.09434
330: (1) 21.6264, 1.06737
331: (1) 21.3154, 1.04271
332: (1) 21.0034, 1.02145
333: (1) 20.6906, 1.00374
334: (1) 20.3769, 0.989155
335: (1) 20.0626, 0.977012
336: (1) 19.7479, 0.966647
337: (1) 19.4328, 0.957487
338: (1) 19.1176, 0.949054
339: (1) 18.8022, 0.940941
340: (1) 18.4869, 0.932772
341: (1) 18.1717, 0.924166
342: (1) 17.8568, 0.914698
343: (1) 17.5421, 0.903863
344: (1) 17.228, 0.891057
345: (1) 16.9146, 0.875599
346: (1) 16.602, 0.856854
347: (1) 16.2903, 0.834515
348: (1) 15.9795, 0.808998
349: (1) 15.6692, 0.781687
350: (1) 15.3588, 0.754647
351: (1) 15.0478, 0.729834
352: (1) 14.7359, 0.70839
353: (1) 14.4231, 0.690516
354: (1) 14.1094, 0.675786
355: (1) 13.7952, 0.663536
356: (1) 13.4804, 0.653096
357: (1) 13.1654, 0.643887
358: (1) 12.8502, 0.635427
359: (1) 12.5348, 0.627307
360: (1) 12.2195, 0.619149
361: (1) 11.9043, 0.610574
362: (1) 11.5893, 0.601159
363: (1) 11.2747, 0.590406
364: (1) 10.9605, 0.577714
365: (1) 10.647, 0.562404
366: (1) 10.3344, 0.543835
367: (1) 10.0227, 0.521672
368: (1) 9.71186, 0.496288
369: (1) 9.4015, 0.46902
370: (1) 9.09111, 0.441914
371: (1) 8.78015, 0.416952
372: (1) 8.46831, 0.395327
373: (1) 8.15554, 0.377279
374: (1) 7.84194, 0.362407
375: (1) 7.5277, 0.350048
376: (1) 7.21299, 0.339532
377: (1) 6.89796, 0.330273
378: (1) 6.58273, 0.321786
379: (1) 6.26742, 0.313657
380: (1) 5.9521, 0.305509
381: (1) 5.63689, 0.296965
382: (1) 5.32188, 0.287603
383: (1) 5.00721, 0.27693
384: (1) 4.69303, 0.26435
385: (1) 4.37951, 0.249188
386: (1) 4.06683, 0.230793
387: (1) 3.75509, 0.208808
388: (1) 3.4442, 0.183561
389: (1) 3.13383, 0.156341
390: (1) 2.82346, 0.129175
391: (1) 2.51253, 0.104069
392: (1) 2.20074, 0.0822632
393: (1) 1.88801, 0.0640425
394: (1) 1.57446, 0.0490257
395: (1) 1.26025, 0.0365573
396: (1) 0.945555, 0.025963
397: (1) 0.630536, 0.0166533
398: (1) 0.315316, 0.00813771
399: (1) 0, 0
