0: (5) 6.03679, 0.921569
1: (1) 5.9464, 0.884778
2: (1) 5.85758, 0.847541
3: (1) 5.76785, 0.810083
4: (1) 5.67491, 0.77266
5: (1) 5.57659, 0.7354
6: (1) 5.47055, 0.698327
7: (1) 5.35397, 0.661404
8: (1) 5.22331, 0.624491
9: (1) 5.0745, 0.587412
10: (1) 4.90485, 0.550213
11: (1) 4.71982, 0.513684
12: (1) 4.53718, 0.479099
13: (1) 4.37113, 0.446629
14: (1) 4.22342, 0.415484
15: (1) 4.09059, 0.384907
16: (1) 3.9688, 0.354416
17: (1) 3.85487, 0.32374
18: (1) 3.74625, 0.292725
19: (1) 3.64088, 0.261267
20: (1) 3.53698, 0.229265
21: (1) 3.43295, 0.196583
22: (1) 3.32726, 0.163024
23: (1) 3.21836, 0.128296
24: (1) 3.10459, 0.0919886
25: (1) 2.98416, 0.0535519
26: (1) 2.85536, 0.0123171
27: (1) 2.71717, -0.0323323
28: (1) 2.57101, -0.0804581
29: (1) 2.42249, -0.13088
30: (1) 2.27953, -0.181482
31: (1) 2.1472, -0.230719
32: (1) 2.02626, -0.278214
33: (1) 1.91528, -0.324245
34: (1) 1.8122, -0.369255
35: (1) 1.71506, -0.413643
36: (1) 1.62205, -0.457704
37: (1) 1.53146, -0.501622
38: (1) 1.44161, -0.545492
39: (1) 1.35075, -0.589349
40: (1) 1.2569, -0.633213
41: (1) 1.15779, -0.677157
42: (1) 1.05057, -0.721376
43: (1) 0.931604, -0.766257
44: (1) 0.796322, -0.812334
45: (1) 0.640689, -0.8597
46: (1) 0.468676, -0.905927
47: (1) 0.298405, -0.945505
48: (1) 0.142403, -0.976302
49: (1) 0, -1
